# reference string generated by generator.cpp
0 41
1 41
0 51
1 13
0 20
0 59
1 41
1 6
0 2
0 6
0 10
0 60
0 58
1 63
1 44
1 10
1 2
0 41
1 44
0 51
0 41
0 41
0 43
1 24
0 10
0 56
0 35
0 6
0 2
1 60
0 10
0 13
1 39
0 2
0 6
0 44
0 2
1 63
1 56
1 43
1 51
1 41
0 39
1 51
0 10
0 6
1 17
0 58
0 35
0 35
0 51
0 63
0 50
0 41
1 35
1 6
0 6
0 41
1 41
0 17
1 59
1 39
0 41
1 2
0 17
0 51
0 5
1 63
0 10
0 41
0 44
1 41
0 41
0 10
1 41
1 63
0 58
1 39
1 10
1 41
1 20
1 41
0 60
0 14
1 59
1 58
0 39
0 4
0 59
1 6
0 17
0 17
1 60
0 60
1 44
0 50
1 60
1 44
0 59
1 6
1 25
0 43
1 63
0 58
1 39
0 13
0 58
0 50
0 63
0 56
1 20
1 62
0 13
1 60
1 35
0 13
0 58
0 41
1 59
1 44
0 6
0 56
1 41
0 6
0 41
0 41
1 36
1 41
0 59
0 35
1 41
0 10
0 13
0 59
0 59
0 63
0 6
1 13
1 35
1 17
0 58
0 41
0 56
1 41
0 39
0 20
1 6
1 50
1 17
0 17
1 51
1 39
0 13
0 41
0 51
0 58
0 6
0 50
1 39
0 6
1 58
0 44
1 58
1 2
0 63
1 10
0 10
0 50
0 10
0 58
0 43
1 44
0 35
1 58
0 58
0 35
1 39
1 41
0 58
1 2
1 13
1 56
0 63
0 20
0 13
0 20
1 43
1 56
0 63
0 59
0 59
1 56
0 13
0 35
0 43
0 58
1 2
0 2
0 44
1 6
1 35
0 61
1 60
0 56
0 20
0 6
0 50
1 63
0 60
0 56
1 56
1 58
1 20
0 13
1 63
0 6
0 13
1 20
0 41
0 58
0 10
0 59
1 35
0 2
1 41
0 50
1 10
0 43
1 59
1 43
1 2
0 6
1 58
1 6
0 13
1 43
1 41
0 10
1 13
0 10
0 60
1 39
1 58
1 41
1 56
0 17
0 35
0 50
0 51
0 58
1 56
0 17
1 50
0 51
0 39
0 41
0 6
0 17
1 35
0 2
0 43
1 20
1 59
1 56
1 2
1 41
0 15
0 28
1 56
1 60
1 56
0 13
1 35
0 10
0 51
1 50
0 6
0 58
1 43
0 35
1 51
0 41
0 6
1 17
0 43
0 35
0 6
0 6
0 2
0 35
1 44
0 6
0 39
0 63
0 58
0 35
0 39
1 41
1 58
0 20
0 41
0 58
1 63
0 2
0 41
0 2
0 10
0 43
1 41
1 32
0 2
0 56
0 44
0 54
1 6
0 20
1 60
0 41
0 41
0 2
0 35
0 63
1 50
0 6
1 56
0 56
0 35
0 50
0 50
0 41
0 35
0 10
0 58
1 50
1 56
0 39
0 58
0 50
1 13
0 51
1 39
0 44
0 50
0 6
1 50
0 60
0 17
0 35
0 10
0 56
1 50
0 58
0 43
0 6
1 2
0 20
0 6
0 60
0 51
0 20
0 63
1 58
0 39
0 17
1 56
0 17
0 43
1 56
0 17
0 6
1 44
1 13
1 43
1 44
0 51
0 50
1 41
0 2
0 6
0 35
0 63
1 58
0 20
1 17
1 6
1 39
0 13
1 51
1 59
1 39
0 59
1 58
0 13
0 51
0 16
0 10
1 13
1 58
0 44
0 13
0 56
0 58
1 13
1 6
0 59
0 44
0 56
1 17
0 56
1 59
1 63
1 56
1 6
0 59
1 44
0 41
0 63
0 43
1 51
1 6
0 51
0 41
0 39
0 44
0 13
0 10
1 60
1 50
1 6
0 10
1 51
1 17
1 43
0 63
0 13
0 41
0 13
0 60
1 39
0 50
0 44
0 50
1 17
0 10
0 35
0 6
0 2
1 38
1 59
1 2
0 10
0 63
0 6
0 35
0 60
0 50
0 43
1 6
1 60
0 17
0 44
1 2
0 58
0 60
1 59
1 20
0 2
0 39
1 51
0 13
0 56
0 17
1 17
0 13
1 56
1 10
0 56
0 44
1 6
1 59
1 35
1 6
1 44
0 20
0 39
0 0
1 18
0 41
0 57
0 59
0 41
0 60
0 56
0 59
1 51
0 44
0 35
1 35
1 17
1 51
0 39
0 63
1 2
1 13
1 35
0 63
1 10
1 50
0 13
1 10
1 59
1 44
0 39
0 13
0 41
0 6
1 39
0 20
1 56
0 41
0 51
1 50
1 58
1 60
1 60
0 63
0 6
0 44
0 6
1 56
1 59
1 6
0 41
0 51
1 39
1 35
0 58
0 56
1 59
0 41
1 51
0 43
0 63
0 59
0 22
1 10
0 43
0 51
0 60
1 6
0 43
1 60
0 17
0 39
1 6
1 2
1 13
0 50
1 13
0 39
1 6
1 63
0 39
1 2
0 51
0 10
0 44
0 13
1 20
0 6
0 60
0 41
0 6
0 41
0 6
0 41
1 59
0 35
1 6
0 60
1 39
0 6
1 10
0 6
1 6
0 59
0 22
0 6
1 43
1 39
0 41
1 17
1 20
0 2
0 58
0 35
0 63
1 39
1 39
1 17
1 60
1 41
0 41
0 35
1 58
0 13
1 10
1 56
0 41
0 41
0 44
1 13
1 56
0 63
0 41
0 44
1 58
1 41
1 39
0 63
0 35
0 43
0 39
0 41
1 41
0 41
0 41
0 63
1 44
1 6
0 41
0 58
1 43
0 13
1 50
0 2
0 2
0 56
0 35
0 51
1 6
0 59
0 35
0 58
0 20
1 6
1 13
1 58
1 44
1 6
1 2
1 6
0 20
0 10
1 6
1 60
0 56
1 39
0 44
0 41
1 10
1 59
0 56
1 60
0 2
1 58
1 41
0 63
0 44
0 35
1 51
0 43
1 2
0 6
1 6
1 41
1 41
1 59
0 51
1 43
0 10
1 13
0 13
1 13
0 51
0 17
0 60
1 43
0 39
1 58
0 58
0 58
0 20
0 20
0 35
1 2
0 60
0 50
0 58
1 13
0 60
0 41
1 41
0 35
1 20
1 13
0 44
0 59
1 39
1 50
1 50
0 59
0 41
1 60
0 49
0 6
0 35
0 41
0 10
0 35
0 2
0 58
0 51
1 10
0 63
0 10
0 44
1 17
0 39
0 59
1 58
0 10
0 17
0 58
0 6
0 6
0 58
1 41
0 41
1 60
0 43
0 13
0 17
0 50
0 59
0 39
0 60
0 41
0 6
0 60
0 63
0 43
1 17
0 44
1 58
0 10
0 63
0 41
1 0
1 44
0 39
0 44
1 56
1 6
1 17
1 10
1 63
1 51
1 2
0 58
1 13
1 58
0 60
0 41
1 51
0 51
0 6
0 44
0 43
0 17
1 2
1 39
0 6
0 41
0 59
1 17
0 58
0 51
0 50
1 41
0 39
0 58
0 2
1 35
1 35
0 17
1 56
0 39
0 10
1 56
0 6
1 13
1 10
0 56
1 13
0 44
1 39
0 56
0 35
0 17
0 44
1 20
0 43
0 10
1 2
0 20
1 59
1 2
0 0
0 10
1 20
0 50
1 63
0 60
0 41
0 63
0 35
0 41
0 20
0 56
1 10
0 58
0 56
0 6
0 10
1 59
0 35
1 58
0 50
0 10
0 8
1 10
0 41
0 51
0 56
0 60
0 6
1 56
1 2
0 39
1 43
0 39
1 60
1 41
0 41
0 20
0 50
1 56
0 13
1 58
0 6
1 13
0 41
0 10
0 41
0 31
1 44
1 10
0 43
0 10
0 60
1 20
0 10
1 28
1 20
0 41
0 58
0 43
0 50
1 39
0 13
0 41
1 44
0 20
0 20
1 10
0 35
0 35
0 60
1 6
1 39
0 10
1 6
0 59
1 51
0 60
1 2
0 51
0 41
1 2
0 10
1 59
1 41
0 10
0 10
1 10
0 6
1 6
0 60
0 50
0 10
1 51
1 2
0 35
1 59
1 17
0 59
0 17
0 6
0 10
0 58
1 60
1 43
1 41
0 50
0 10
1 58
0 59
0 2
1 58
1 2
0 2
1 35
1 35
0 56
1 41
1 41
0 35
0 10
1 35
0 41
1 60
0 50
0 35
0 39
1 17
0 41
1 10
1 35
1 10
1 13
0 2
0 20
1 51
0 10
0 41
1 44
1 10
0 59
1 35
1 6
0 44
0 2
0 59
0 2
0 39
1 17
0 43
0 48
0 39
0 44
0 44
0 59
1 17
0 35
1 13
0 39
1 59
1 17
1 63
1 41
0 41
0 39
1 60
0 2
0 60
0 35
0 58
0 43
0 58
0 38
0 41
0 35
0 43
0 39
0 41
1 41
1 17
0 60
0 10
